Upper-bound SAT points:
[(0, 1), (0, 2), (0, 3), (0, 4), (0, 5), (1, 5), (1, 6), (1, 7), (1, 8), (1, 9), (1, 10), (2, 10), (2, 11), (2, 12), (2, 13), (2, 14), (2, 15), (3, 15), (3, 16), (3, 17), (3, 18), (3, 19), (3, 20), (4, 20), (4, 21), (4, 22), (4, 23), (4, 24), (4, 25), (5, 25), (5, 26), (5, 27), (5, 28), (5, 29), (5, 30), (7, 29), (7, 30), (7, 31), (7, 32), (8, 32), (8, 33), (8, 34), (8, 35), (8, 36), (9, 36), (9, 37), (9, 38), (9, 39), (9, 40), (10, 40), (10, 41), (10, 42), (10, 43), (11, 43), (11, 44), (12, 44), (12, 45), (12, 46), (13, 46), (13, 47), (13, 48), (14, 48), (14, 49), (14, 50), (14, 51), (15, 51), (15, 52), (15, 53), (15, 54), (16, 54), (16, 55), (16, 56), (16, 57), (17, 57), (17, 58), (17, 59), (18, 59), (18, 60), (18, 61), (18, 62), (19, 62), (19, 63), (19, 64), (20, 64), (20, 65), (20, 66), (21, 66), (21, 67), (21, 68), (22, 68), (22, 69), (23, 69), (23, 70), (24, 70), (24, 71), (24, 72), (25, 72), (25, 73), (25, 74), (26, 74), (26, 75), (26, 76), (26, 77), (27, 77), (27, 78), (27, 79), (28, 79), (28, 80), (28, 81), (29, 81), (29, 82), (30, 82), (30, 83), (30, 84), (30, 85), (31, 85), (32, 85), (32, 86), (32, 87), (33, 87), (34, 87), (34, 88), (35, 88), (35, 89), (35, 90), (36, 90), (36, 91), (39, 89), (39, 90), (40, 90), (40, 91), (40, 92), (41, 92), (41, 93), (41, 94), (42, 94), (42, 95), (42, 96), (43, 96), (43, 97), (43, 98), (44, 98), (44, 99), (44, 100), (45, 100), (45, 101), (46, 101), (46, 102), (46, 103), (47, 103), (47, 104), (47, 105), (48, 105), (48, 106), (48, 107), (49, 107), (49, 108), (50, 108), (50, 109), (50, 110), (51, 110), (51, 111), (51, 112), (52, 112), (52, 113), (52, 114), (53, 114), (53, 115), (53, 116), (54, 116), (54, 117), (54, 118), (55, 118), (55, 119), (55, 120), (56, 120), (56, 121), (56, 122), (57, 122), (57, 123), (57, 124), (58, 124), (58, 125), (59, 125), (59, 126), (59, 127), (60, 127), (60, 128), (60, 129), (61, 129), (61, 130), (62, 130), (62, 131), (62, 132), (63, 132), (63, 133), (63, 134), (64, 134), (64, 135), (65, 135), (65, 136), (65, 137), (66, 137), (66, 138), (66, 139), (67, 139), (67, 140), (68, 140), (68, 141), (68, 142), (69, 142), (69, 143), (70, 143), (70, 144), (70, 145), (71, 145), (71, 146), (71, 147), (72, 147), (72, 148), (73, 148), (73, 149), (73, 150), (74, 150), (74, 151), (74, 152), (75, 152), (75, 153), (75, 154), (76, 154), (76, 155), (77, 155), (78, 155), (78, 156), (80, 155), (80, 156), (80, 157), (81, 157), (81, 158), (82, 158), (82, 159), (82, 160), (82, 161), (83, 161), (83, 162), (84, 162), (84, 163), (84, 164), (85, 164), (85, 165), (86, 165), (86, 166), (87, 166), (87, 167), (88, 167), (88, 168), (88, 169), (89, 169), (89, 170), (90, 170), (90, 171), (91, 171), (91, 172), (91, 173), (92, 173), (92, 174), (92, 175)] 

Upper-bound UNSAT points:
[(0, 6), (1, 11), (2, 16), (3, 21), (4, 26), (5, 31), (6, 30), (7, 33), (8, 37), (9, 41), (10, 44), (11, 45), (12, 47), (13, 49), (14, 52), (15, 55), (16, 58), (17, 60), (18, 63), (19, 65), (20, 67), (21, 69), (22, 70), (23, 71), (24, 73), (25, 75), (26, 78), (27, 80), (28, 82), (29, 83), (30, 86), (31, 86), (32, 88), (33, 88), (34, 89), (35, 91), (36, 92), (37, 91), (38, 90), (39, 91), (40, 93), (41, 95), (42, 97), (43, 99), (44, 101), (45, 102), (46, 104), (47, 106), (48, 108), (49, 109), (50, 111), (51, 113), (52, 115), (53, 117), (54, 119), (55, 121), (56, 123), (57, 125), (58, 126), (59, 128), (60, 130), (61, 131), (62, 133), (63, 135), (64, 136), (65, 138), (66, 140), (67, 141), (68, 143), (69, 144), (70, 146), (71, 148), (72, 149), (73, 151), (74, 153), (75, 155), (76, 156), (77, 156), (78, 157), (79, 156), (80, 158), (81, 159), (82, 162), (83, 163), (84, 165), (85, 166), (86, 167), (87, 168), (88, 170), (89, 171), (90, 172), (91, 174)] 

Lower-bound SAT points:
[(0, 0), (0, 1), (1, 1), (2, 1), (3, 1), (4, 1), (5, 1), (5, 2), (6, 2), (7, 2), (8, 2), (9, 2), (10, 2), (10, 3), (11, 3), (12, 3), (13, 3), (14, 3), (15, 3), (15, 4), (16, 4), (17, 4), (18, 4), (19, 4), (20, 4), (20, 5), (21, 5), (22, 5), (23, 5), (24, 5), (25, 5), (25, 6), (26, 6), (27, 6), (28, 6), (29, 6), (29, 7), (29, 8), (30, 8), (31, 8), (32, 8), (32, 9), (33, 9), (34, 9), (35, 9), (36, 9), (36, 10), (37, 10), (38, 10), (39, 10), (40, 10), (40, 11), (41, 11), (42, 11), (42, 12), (43, 12), (44, 12), (44, 13), (44, 14), (45, 14), (46, 14), (47, 14), (47, 15), (48, 15), (49, 15), (50, 15), (50, 16), (51, 16), (52, 16), (53, 16), (53, 17), (54, 17), (55, 17), (56, 17), (56, 18), (57, 18), (58, 18), (58, 19), (59, 19), (60, 19), (61, 19), (61, 20), (62, 20), (63, 20), (63, 21), (64, 21), (65, 21), (65, 22), (66, 22), (66, 23), (67, 23), (68, 23), (68, 24), (69, 24), (70, 24), (70, 25), (71, 25), (72, 25), (72, 26), (73, 26), (74, 26), (74, 27), (75, 27), (76, 27), (77, 27), (77, 28), (78, 28), (78, 29), (79, 29), (80, 29), (81, 29), (81, 30), (82, 30), (82, 31), (83, 31), (84, 31), (85, 31), (85, 32), (85, 33), (86, 33), (87, 33), (87, 34), (87, 35), (88, 35), (88, 36), (88, 39), (88, 40), (89, 36), (89, 37), (89, 40), (89, 41), (90, 41), (91, 41), (91, 42), (92, 42), (93, 42), (93, 43), (94, 43), (95, 43), (95, 44), (96, 44), (97, 44), (97, 45), (98, 45), (99, 45), (99, 46), (100, 46), (101, 46), (101, 47), (102, 47), (103, 47), (103, 48), (104, 48), (104, 49), (105, 49), (106, 49), (106, 50), (107, 50), (108, 50), (108, 51), (109, 51), (110, 51), (110, 52), (111, 52), (111, 53), (112, 53), (113, 53), (114, 53), (114, 54), (115, 54), (115, 55), (116, 55), (117, 55), (117, 56), (118, 56), (119, 56), (119, 57), (120, 57), (121, 57), (121, 58), (122, 58), (123, 58), (123, 59), (124, 59), (125, 59), (125, 60), (126, 60), (126, 61), (127, 61), (128, 61), (128, 62), (129, 62), (130, 62), (130, 63), (131, 63), (131, 64), (132, 64), (133, 64), (133, 65), (134, 65), (135, 65), (135, 66), (136, 66), (136, 67), (137, 67), (138, 67), (138, 68), (139, 68), (140, 68), (140, 69), (141, 69), (141, 70), (142, 70), (143, 70), (143, 71), (144, 71), (144, 72), (145, 72), (146, 72), (146, 73), (147, 73), (148, 73), (148, 74), (149, 74), (150, 74), (150, 75), (151, 75), (152, 75), (152, 76), (153, 76), (153, 77), (153, 78), (154, 78), (154, 79), (155, 79), (155, 80), (155, 81), (156, 81), (157, 81), (157, 82), (158, 82), (158, 83), (159, 83), (159, 84), (160, 84), (161, 84), (161, 85), (162, 85), (163, 85), (164, 85), (164, 86), (164, 87), (165, 87), (165, 88), (166, 88), (167, 88), (167, 89), (168, 89), (168, 90), (170, 90), (170, 91), (171, 91), (171, 92), (172, 92), (173, 92), (173, 93), (174, 93), (174, 94), (175, 94), (175, 95), (176, 95), (177, 95), (178, 95), (178, 96), (179, 96)] 

Lower-bound UNSAT points:
[(1, 0), (6, 1), (11, 2), (16, 3), (21, 4), (26, 5), (30, 6), (30, 7), (33, 8), (37, 9), (41, 10), (43, 11), (45, 12), (45, 13), (48, 14), (51, 15), (54, 16), (57, 17), (59, 18), (62, 19), (64, 20), (66, 21), (67, 22), (69, 23), (71, 24), (73, 25), (75, 26), (78, 27), (79, 28), (82, 29), (83, 30), (86, 31), (86, 32), (88, 33), (88, 34), (89, 35), (89, 38), (89, 39), (90, 36), (90, 37), (90, 40), (92, 41), (94, 42), (96, 43), (98, 44), (100, 45), (102, 46), (104, 47), (105, 48), (107, 49), (109, 50), (111, 51), (112, 52), (115, 53), (116, 54), (118, 55), (120, 56), (122, 57), (124, 58), (126, 59), (127, 60), (129, 61), (131, 62), (132, 63), (134, 64), (136, 65), (137, 66), (139, 67), (141, 68), (142, 69), (144, 70), (145, 71), (147, 72), (149, 73), (151, 74), (153, 75), (154, 76), (154, 77), (155, 78), (156, 79), (156, 80), (158, 81), (159, 82), (160, 83), (162, 84), (165, 85), (165, 86), (166, 87), (168, 88), (169, 89), (171, 90), (172, 91), (174, 92), (175, 93), (176, 94), (179, 95)] 

Combined UNSAT boundary points:
[(0, 6), (1, 0), (1, 11), (2, 16), (3, 21), (4, 26), (5, 31), (6, 1), (6, 30), (7, 33), (8, 37), (9, 41), (10, 44), (11, 2), (11, 45), (12, 47), (13, 49), (14, 52), (15, 55), (16, 3), (16, 58), (17, 60), (18, 63), (19, 65), (20, 67), (21, 4), (21, 69), (22, 70), (23, 71), (24, 73), (25, 75), (26, 5), (26, 78), (27, 80), (28, 82), (29, 83), (30, 6), (30, 7), (30, 86), (31, 86), (32, 88), (33, 8), (33, 88), (34, 89), (35, 91), (36, 92), (37, 9), (37, 91), (38, 90), (39, 91), (40, 93), (41, 10), (41, 95), (42, 97), (43, 11), (43, 99), (44, 101), (45, 12), (45, 13), (45, 102), (46, 104), (47, 106), (48, 14), (48, 108), (49, 109), (50, 111), (51, 15), (51, 113), (52, 115), (53, 117), (54, 16), (54, 119), (55, 121), (56, 123), (57, 17), (57, 125), (58, 126), (59, 18), (59, 128), (60, 130), (61, 131), (62, 19), (62, 133), (63, 135), (64, 20), (64, 136), (65, 138), (66, 21), (66, 140), (67, 22), (67, 141), (68, 143), (69, 23), (69, 144), (70, 146), (71, 24), (71, 148), (72, 149), (73, 25), (73, 151), (74, 153), (75, 26), (75, 155), (76, 156), (77, 156), (78, 27), (78, 157), (79, 28), (79, 156), (80, 158), (81, 159), (82, 29), (82, 162), (83, 30), (83, 163), (84, 165), (85, 166), (86, 31), (86, 32), (86, 167), (87, 168), (88, 33), (88, 34), (88, 170), (89, 35), (89, 38), (89, 39), (89, 171), (90, 36), (90, 37), (90, 40), (90, 172), (91, 174), (92, 41), (94, 42), (96, 43), (98, 44), (100, 45), (102, 46), (104, 47), (105, 48), (107, 49), (109, 50), (111, 51), (112, 52), (115, 53), (116, 54), (118, 55), (120, 56), (122, 57), (124, 58), (126, 59), (127, 60), (129, 61), (131, 62), (132, 63), (134, 64), (136, 65), (137, 66), (139, 67), (141, 68), (142, 69), (144, 70), (145, 71), (147, 72), (149, 73), (151, 74), (153, 75), (154, 76), (154, 77), (155, 78), (156, 79), (156, 80), (158, 81), (159, 82), (160, 83), (162, 84), (165, 85), (165, 86), (166, 87), (168, 88), (169, 89), (171, 90), (172, 91), (174, 92), (175, 93), (176, 94), (179, 95)] 

Diagonal SAT points:
[(0, 1), (1, 1), (1, 2), (2, 3), (3, 4), (4, 5), (5, 6), (6, 7), (7, 8), (8, 9), (9, 10), (10, 11), (11, 12), (12, 13), (13, 14), (14, 15), (15, 16), (16, 17), (17, 18), (18, 19), (19, 20), (20, 21), (21, 22), (22, 23), (23, 24), (24, 25), (25, 26), (26, 27), (27, 28), (28, 29), (29, 30), (30, 31), (31, 32), (32, 33), (33, 34), (34, 35), (35, 36), (36, 37), (37, 38), (38, 39), (39, 40), (40, 41), (41, 42), (42, 43), (43, 44), (44, 45), (45, 46), (46, 47), (47, 48), (48, 49), (49, 50), (50, 51), (51, 52), (52, 53), (53, 54), (54, 55), (55, 56), (56, 57), (57, 58), (58, 59), (59, 60), (60, 61), (61, 62), (62, 63), (63, 64), (64, 65), (65, 66), (66, 67), (67, 68), (68, 69), (69, 70), (70, 71), (71, 72), (72, 73), (73, 74), (74, 75), (75, 76), (76, 77), (77, 78), (78, 79), (79, 80), (80, 81), (81, 82), (82, 83), (83, 84), (84, 85), (85, 86), (86, 87), (87, 88), (88, 89), (89, 90), (90, 91), (91, 92), (92, 93), (93, 94), (94, 95), (95, 96), (96, 97), (97, 98), (98, 99), (99, 100), (100, 101), (101, 102), (102, 103), (103, 104), (104, 105), (105, 106), (106, 107), (107, 108), (108, 109), (109, 110), (110, 111), (111, 112), (112, 113), (113, 114), (114, 115), (115, 116), (116, 117), (117, 118), (118, 119), (119, 120), (120, 121), (122, 123), (123, 124), (125, 126), (126, 127), (127, 128), (128, 129), (129, 130), (130, 131), (131, 132), (132, 133), (133, 134), (134, 135), (135, 136), (136, 137), (137, 138), (138, 139), (140, 141), (141, 142), (142, 143), (143, 144), (144, 145), (145, 146)] 

Total CPU time: 33249502.24 seconds
Upper CPU time: 14449323.57 seconds
Lower CPU time: 17887691.81 seconds
Diagonal CPU time: 912486.86 seconds

upper bounds: stopping point = (92, 175)
lower bounds: stopping point = (179, 96)
lower bounds: Missing point at (169,90). Stopping.
